0,268
0,267
0,266
0,265
0,264
0,263
0,262
0,261
0,260
0,259
0,258
0,257
0,256
0,255
0,254
0,253
0,252
0,251
0,250
938,34
938,33
938,32
938,31
938,30
938,29
938,28
938,27
938,26
938,25
938,24
938,23
938,22
938,21
938,20
938,19
938,18
938,17
938,16
938,15
938,14
938,13
938,12
938,11
938,10
938,9
938,8
938,7
938,6
938,5
938,4
938,3
0,482
0,468
0,495
938,2
938,0
905,35
905,36
905,22
905,21
905,4
904,49
904,42
904,48
904,39
904,44
904,45
904,19
904,43
904,33
904,46
904,41
904,47
904,18
904,4
903,39
903,19
903,35
903,18
903,4
902,7
902,5
902,4
902,3
901,4
900,4
899,3
898,3
895,3
894,3
893,3
892,4
891,4
889,4
887,4
885,4
884,3
883,4
882,3
879,449
879,448
879,390
879,389
879,388
879,387
879,386
879,385
879,384
879,63
879,62
879,61
879,60
879,59
879,58
879,57
879,56
879,55
879,54
879,53
879,52
879,51
879,50
879,49
879,48
879,47
879,46
879,45
879,44
879,43
879,42
879,41
879,39
879,8
879,4
878,55
878,54
878,53
878,52
878,51
878,50
878,49
878,48
878,47
878,46
878,45
878,44
878,43
878,42
878,41
878,39
878,8
878,4
924,4
877,27
877,26
877,24
877,7
877,4
876,12
876,7
876,4
927,4
874,44
874,43
874,42
874,41
874,40
874,38
874,7
874,4
933,3
890,3
0,291
0,386
881,3
888,3
897,3
0,249
0,248
0,247
0,246
0,245
0,244
0,242
0,241
0,240
0,239
0,238
0,237
0,236
0,235
0,234
0,233
0,232
0,231
0,230
